-7.0021 -4.8333
12.1498 -2.3362
6.9617 -0.2805
-3.8889 13.3798
-7.3346 4.2020
5.5687 5.1477
10.6390 -1.9540
5.5470 -9.5613
10.5650 8.0747
4.0238 -3.0912
-0.9192 15.2626
12.0618 -4.2136
-6.1021 13.9177
4.5179 13.6930
11.8146 5.3512
7.3227 -0.2556
4.4635 -11.6481
5.9959 -9.3418
-0.8224 13.2073
-4.6792 -11.2701
11.9548 -1.0729
-9.8867 1.3737
-4.8351 5.3763
1.1558 -10.4260
-4.2542 -11.4002
-9.1556 -6.2041
-8.4740 12.3888
-7.2709 -9.0073
12.5821 1.4666
-5.7602 6.2139
5.0012 2.9323
-0.3950 13.5781
12.7087 -4.5100
9.8594 9.9539
-1.5249 8.7281
-3.3506 14.7041
-10.0646 11.7206
1.5732 5.7046
12.5762 4.8464
8.3057 -7.4588
-6.4368 13.2347
9.6824 -8.2734
-6.2417 5.9882
-1.1467 -11.9700
13.9831 0.3833
-8.5404 -4.5897
-3.4294 -10.7969
12.0647 6.1246
12.0918 6.1713
-0.1243 14.3476
3.0786 12.7344
11.4102 -0.6177
-3.3056 8.9235
2.3667 -3.7459
5.5875 12.9081
3.3509 -4.3905
0.8444 13.6592
10.7522 5.8942
3.7459 7.5897
12.6948 5.3429
5.4645 12.1242
-0.8170 8.1086
-5.2964 7.5563
4.1342 -4.9668
12.6231 3.2267
11.5300 1.2279
7.9845 10.5734
-3.5729 -10.2925
7.2316 -7.4156
-0.6854 -10.1649
0.4707 -11.2934
11.3331 4.2554
2.5179 14.1935
12.0794 2.6652
-8.0507 2.4364
3.8894 14.4229
4.4827 -10.4849
-6.6998 4.9655
-5.4999 5.4727
-8.1284 -3.8809
-9.5968 -4.7020
10.5386 7.5799
6.9446 -7.2658
5.1019 3.7060
0.7834 13.4890
11.3466 -6.2713
5.3401 12.0476
-6.1521 12.7563
3.6643 -10.9660
-6.7805 5.5538
11.6924 -4.4179
-6.0051 11.8119
2.9318 13.5567
-6.0704 7.6223
1.8114 -12.3063
10.8765 -4.9107
1.9469 14.5790
10.2514 7.6163
6.6664 -3.1396
-9.4054 2.1627
-8.6222 3.6975
-16.3601 -10.7317
-1.0041 -0.0217
0.2248 7.4335
-3.7707 14.4470
-23.3199 -11.2108
-21.3276 -11.1338
-14.6500 6.7305
-8.0671 -5.0868
-0.1479 -0.6767
-19.2628 9.0613
1.7703 12.8832
-24.9132 -7.9952
-19.3609 -0.4783
-11.7495 -10.6355
-18.9872 0.0869
-1.6299 2.3835
-14.4733 -6.9172
-4.2869 13.1854
-21.4924 -8.9768
-0.3768 1.7359
7.6182 -8.0967
-16.4151 12.5232
-2.3029 -0.0677
-9.7965 12.1425
-12.6070 -8.0400
-16.6852 13.3157
-9.9296 12.3664
-18.1165 1.4241
11.6869 1.9790
-1.1256 14.8201
-9.7149 2.0866
3.8914 13.2355
-15.7591 13.0098
-14.9422 14.7590
-11.8476 -11.2239
-1.6945 1.2846
-0.7530 0.8632
-18.7193 0.4336
-19.7118 1.7928
-17.3867 0.8515
-19.6417 2.5245
-1.6858 1.3249
-14.9315 14.2495
-3.3799 -10.1114
-1.6387 -0.9292
1.9865 -3.8757
-14.2592 14.1930
-5.1905 7.6605
-15.5463 13.5737
-1.1627 0.7448
-9.9033 -1.6254
-17.3964 7.9946
0.0153 13.2176
-1.5133 1.4189
-20.3609 2.8606
-0.6420 1.7378
-0.7228 -0.4728
11.0322 5.0640
10.9163 -0.5335
-11.4562 -7.5882
-21.7526 -10.7071
-18.9443 -0.0586
-14.0023 11.7412
-1.0251 0.3927
0.9377 1.4187
-0.2919 0.7587
7.5835 1.9269
6.5825 12.7287
-16.9051 2.0046
-13.8617 -10.3588
-22.7041 -7.5731
-19.7133 -0.1438
0.5802 6.9091
-17.4489 -0.0462
-19.6457 2.3616
-19.1727 0.2440
-17.8602 1.8542
0.8931 -0.7145
4.5886 7.3725
7.4018 -9.9320
-19.1550 0.9957
-16.4449 9.6096
-1.9278 8.1026
-20.3890 -0.2514
-21.6511 -9.4107
-18.4694 -10.1340
-18.7477 10.6168
-17.9568 2.2956
11.7199 7.6050
-1.1220 14.9681
-13.2598 -8.1257
-0.6165 0.5188
-14.0718 -7.1948
-17.8271 2.0083
-14.9971 -8.4022
-19.1962 8.9431
-18.9745 12.0006
-23.1579 14.7813
-1.5732 0.8911
-16.4134 9.1189
-19.6406 10.1255
-0.4605 1.0536
-9.4944 -5.7457
9.7416 9.4815
-6.9206 -6.0690
9.3541 5.3926
4.4222 12.3537
6.0018 -1.8963
4.8828 -8.9782
-0.3449 7.2419
-14.2909 -7.8244
-19.5240 0.2843
-3.1816 14.2503
-2.7859 -10.5311
-13.3177 13.7377
-21.3653 -11.5762
-19.5599 11.0194
-18.0584 9.4976
-17.2625 7.7552
-23.8982 13.2932
2.1843 -11.9108
6.6952 3.9963
1.4915 12.9964
-8.3270 -6.0112
-22.6866 -7.5444
-17.9490 -6.4347
-6.5708 -7.9451
-19.1929 11.0769
-18.1421 10.2552
-17.0320 -8.0555
-1.7662 -0.1929
-1.4097 -0.1725
-20.8379 7.5555
-20.5045 8.8385
-13.0548 -8.7817
-19.4056 10.9530
-15.9313 10.9822
-1.4009 2.0245
-9.3184 12.7474
0.0375 1.6864
-4.7188 6.4753
-14.9115 -9.2431
-3.7467 -10.2141
4.0221 -10.9451
-18.3835 8.7028
-17.9198 0.3965
-0.6270 -10.4397
-0.3766 1.3790
-8.3024 -5.5497
-18.1165 -6.4290
10.4637 6.3292
6.5695 -0.5605
-16.0581 7.7913
10.9674 7.3339
-1.6071 1.2943
-13.8317 12.5949
5.6972 -3.3988
-8.7039 -1.1134
-18.4190 1.5203
-2.7059 12.2448
-19.6377 8.0336
-1.5781 2.9776
-7.0643 -9.0966
-17.9819 0.9086
-15.9449 2.9641
-19.0373 0.3982
-16.5485 3.1031
6.5537 11.1118
-17.8705 7.5314
-19.3041 -8.0691
-20.3052 14.6225
-18.4534 -10.6118
-2.8895 -11.7309
-1.8799 1.9774
-24.8773 -11.0487
-20.2858 1.6823
0.0479 3.9034
-17.1526 -13.0986
-0.3808 3.0853
-3.2022 6.8354
-14.9218 11.7187
-13.7176 16.0844
-7.2121 4.5944
-19.9887 2.5612
-16.7555 -9.2084
-15.1800 -9.1798
-9.2035 -1.2286
1.9941 -3.9804
-20.0673 -0.0502
4.0660 6.1306
-21.4407 -9.0086
10.7959 -7.7617
-1.4984 -1.2998
-20.1793 0.6799
-17.7183 2.9382
-16.0046 13.9448
-16.0318 -8.4353
-19.1444 -1.7614
-16.4246 -8.5678
-17.7405 -9.5463
-19.2385 11.4707
-22.6326 15.0640
-18.9816 10.6294
-16.9787 -0.2818
-8.0975 12.4897
12.5512 -3.5593
-0.7431 1.4536
-19.9314 1.9609
-14.3399 13.5933
-15.9740 11.4170
-17.8245 0.2884
-17.4300 1.3605
-0.2776 2.5441
-19.9677 8.6525
-18.4286 9.7601
0.2004 7.7604
2.9014 13.5439
-19.0427 1.4227
-16.6749 11.3385
0.2408 1.3741
-17.9789 9.7299
8.5811 -6.9339
4.6755 12.8453
0.4544 0.0683
-16.1959 9.4334
10.7862 -4.6339
-2.2452 -0.7445
8.1450 4.9198
10.8765 -7.1456
-12.3229 6.2767
-6.3642 14.0792
-19.0188 1.4561
-16.6883 1.1591
10.3935 -5.7740
-2.4054 -0.0082
-17.3968 10.0476
2.6499 -2.5943
-23.0346 13.1278
-10.2438 -4.3568
-17.1838 9.5208
-21.5291 0.6478
-23.0246 14.6697
-17.6921 2.3854
-15.1658 -8.1586
-6.8216 -6.7166
11.8363 7.7538
4.2404 5.0580
-18.1889 -7.3307
-19.4527 8.5818
-0.8786 2.4789
-18.7967 0.8377
-0.3985 1.1822
-5.7830 12.3160
-13.8566 -7.6207
5.9306 -10.1023
-23.0510 -9.5343
-9.8586 -1.4704
-16.1707 9.8928
-19.2480 9.7341
4.7605 -11.6903
-18.6829 -0.9044
2.1271 15.0069
12.5262 1.7922
-20.7793 -1.5374
-1.5455 0.4596
-0.2980 -1.8583
-2.0343 15.2535
10.7889 -4.7271
10.8734 -6.8069
-1.0498 2.4124
0.5341 -0.3760
-1.4082 0.9433
-20.4280 -9.0615
6.2588 2.7493
-17.9489 -0.1538
-17.1692 9.2292
1.2188 15.4067
-20.2577 -10.4487
-16.8509 -9.1234
4.6085 4.6978
-0.4519 0.4175
-5.2338 -9.9118
-17.1697 9.4937
5.8729 -0.4468
-18.0637 -6.7941
-1.8775 0.3779
-17.7473 0.8154
-12.3485 -11.7332
-0.1113 -0.3796
-18.0531 0.0907
9.0571 10.3389
2.9799 -9.1704
-2.4024 0.9949
-18.2723 10.2925
-14.5736 14.6234
-2.9827 -4.4969
-13.0004 12.6505
9.6277 -7.7807
-18.9193 10.0609
1.7812 -4.2726
-17.1949 9.6894
-1.4396 1.2623
-20.6119 12.7628
-19.9953 -8.6046
-22.8465 -9.1879
-17.5992 0.0174
-19.9772 9.1926
-19.8310 2.2378
-17.1198 11.0239
-4.3407 12.0687
-0.9589 1.0300
-17.8287 -7.0501
-20.3010 5.0227
-15.8447 7.2340
4.5891 -8.7702
5.7479 -0.5595
-6.6366 4.6395
-21.9540 -9.1381
6.7882 11.3213
-6.4184 -8.1507
-18.4414 9.6334
-9.0800 -3.0113
-17.3600 0.7864
-1.8051 1.1430
-14.4142 13.6411
-0.7691 1.8809
-16.2185 8.6009
-0.0184 9.1114
-15.1633 -9.3228
-14.4402 -8.3677
-0.9221 2.8564
-18.0011 10.6206
-8.3843 3.9046
-23.3754 -10.9543
-20.4419 13.6046
-22.4971 15.6148
-20.4888 -7.7616
10.7487 7.1436
-16.8406 10.2192
-15.5535 12.5484
-5.0414 13.3923
-1.3127 0.3074
-7.6413 -7.6008
-20.3141 5.9832
-17.8371 12.1648
1.1359 2.3288
8.7633 -7.7181
-19.1845 0.9726
-15.9824 13.2002
-20.4544 -10.1974
0.0259 1.5102
-12.5565 -7.8360
-19.2950 -6.5782
-16.4461 11.8952
-22.1482 -9.8810
-23.5190 -9.2952
-0.5516 0.5881
-15.1096 14.0164
-10.1648 1.7392
-16.0325 12.4238
-15.7730 13.8774
-5.4076 3.4350
-17.6041 9.6008
10.2613 -8.0770
-5.5513 12.4935
-0.8098 0.9505
-23.6226 -7.4911
14.6898 -2.3651
-13.2421 -7.5190
-0.2773 2.7783
-6.2661 14.0505
6.8776 3.0681
-19.3764 0.9537
-16.5344 8.1788
-19.2900 1.1509
-19.2843 -8.2622
-22.3020 15.6416
-7.1326 12.9842
2.4749 7.0135
-14.2437 -7.1210
-20.6038 8.1202
-16.8970 -8.7515
-17.3366 9.8021
-22.0300 13.1567
-15.6639 -10.3216
-19.2718 -0.2301
-0.4895 8.4209
-18.1072 -7.2763
-19.6878 -6.8591
-18.9397 9.5868
-13.0776 14.1486
-24.2248 -8.4117
-0.5425 -0.9817
-7.2978 11.2163
-16.2694 10.8972
-14.2057 11.9112
-2.8969 1.0094
-20.7559 -9.3099
-19.0428 -9.3713
-7.9617 5.1344
-19.9232 11.7400
-18.7366 -8.9399
-1.0960 0.7709
-21.6407 -10.3452
-21.9536 13.2517
-19.1856 12.2383
-15.3215 13.9018
-16.0066 7.1190
-2.6423 0.8870
-18.7422 0.7011
4.9534 6.2104
-15.0428 8.3879
4.9179 12.1502
-12.2907 5.1124
-4.5283 12.1332
-0.8056 -0.6919
10.8951 -2.8984
11.1033 6.1001
-20.3152 -10.4575
-14.8999 -7.5833
9.5631 -7.3670
-16.8176 11.5502
10.8559 5.7569
12.5650 12.4569
-18.2559 -8.8543
-13.5989 -11.6798
-19.5826 1.2484
-1.4139 0.2450
12.1421 16.3426
-0.6482 -0.2314
-19.6448 2.6638
-19.1189 1.1379
-8.9080 12.4912
6.7872 5.4512
-22.0811 -9.5682
-17.6677 2.4387
9.7618 7.8797
-18.2081 -8.1203
-12.1838 15.6544
12.1645 -4.3597
-21.6091 -9.9877
-15.2844 -11.2488
-20.1084 -6.2568
-20.2127 12.0340
11.5164 6.9740
-0.8578 1.1360
1.2330 -11.0359
10.0949 -6.4044
-15.9679 -6.8783
-16.0634 8.7370
-3.5411 0.3122
-13.1428 14.3580
0.1412 9.2848
-17.4201 -8.3544
11.9633 -1.9087
-17.9311 1.1615
-19.8308 -8.0373
-16.3075 -8.3388
-22.3323 -6.9041
-13.2750 -9.0936
-0.8483 0.4015
-14.2585 -9.4372
-19.8480 0.6804
-23.0873 -10.6515
2.7450 13.5468
2.3811 14.5561
4.5197 -10.6906
-19.0120 7.2122
-16.4258 11.1076
4.8137 12.3605
-17.4136 9.4050
-16.5026 11.7896
-19.9774 11.8746
-19.9812 -0.7519
4.9684 -2.6615
-17.3455 2.7556
-0.9758 -0.6681
4.7400 12.1891
5.1000 6.8182
-18.5967 1.5251
-15.9932 13.2260
-9.2338 12.7231
-21.5262 -9.4418
-18.2387 -9.5230
-1.4651 15.5156
-15.4903 7.5362
1.4205 6.0022
-20.0155 -0.4871
2.2473 15.0660
-0.2186 -0.0369
-20.9059 10.8924
-0.2383 0.6421
-14.7607 -11.1309
-16.5506 8.3349
-20.5628 14.1181
-4.7385 6.9478
-14.0029 14.3297
11.4322 5.1875
5.2900 -1.2189
-0.1135 1.3087
-17.3184 1.1313
-20.0187 -9.7652
-17.4542 11.2129
12.7539 -2.7279
-0.6487 0.2718
-14.2858 13.6074
-13.5781 -9.3740
-19.7921 1.7946
-18.7637 -7.2736
-14.3519 14.3354
-4.5977 -9.3618
-19.0193 9.0631
5.8439 1.8032
6.9745 -2.9709
-6.4546 12.6600
-19.8458 2.6903
-16.8632 10.9324
-23.5407 14.3109
-20.3415 10.7618
-18.2980 9.6233
-1.1117 2.9500
-1.2558 1.6644
-1.5498 2.1226
-18.1338 -10.0388
-19.8863 1.2758
4.2510 -2.2670
-13.0513 14.8482
-17.2772 -9.6606
-13.2684 -9.3663
4.4563 -9.7567
-16.4045 7.3614
-19.9400 -0.0124
-19.4185 9.5729
-23.0651 -7.1426
-9.4343 0.3216
5.6293 12.6398
-21.7582 13.9587
-18.6829 9.0677
-1.9991 0.0734
-0.3625 -0.3106
-22.3042 13.6761
-9.0858 -0.7349
-0.9903 -0.3881
-17.2176 9.9414
-19.6336 8.4470
-10.2757 -1.0436
-16.8957 9.7485
0.6040 0.8403
-17.9050 11.2846
-21.6032 -7.8653
10.7701 -4.1347
0.0387 -0.0234
-18.9778 -0.1406
-0.1951 0.6098
5.2378 -3.5882
-17.4796 0.4601
12.5733 4.3617
-2.9922 3.7975
8.0390 -7.3769
14.0285 0.8475
-12.9717 -9.4040
-18.0462 -0.0042
-19.3325 11.8453
-12.9891 13.8739
-7.2690 4.3808
-12.6657 -9.3594
-21.3721 -7.8688
-20.6225 12.9864
4.9040 3.7109
0.8619 1.7083
12.1894 5.2084
10.3065 -2.3497
-15.2892 11.2980
-17.8556 9.4521
-14.6085 13.2170
-17.8433 1.4779
2.7627 -9.2557
-7.4060 1.8278
3.6715 -4.4237
-16.7801 -9.7508
-15.1876 -8.5733
-18.6020 1.8466
-17.8962 1.2462
-23.0217 14.1619
0.8135 -10.5843
-22.8164 -9.3109
-19.3316 0.9588
-8.8671 1.3297
-18.0173 8.6192
-18.9773 0.7753
-19.9860 -0.6069
0.9607 -9.5407
-19.9139 0.4296
-19.9332 1.8467
-8.2341 11.1918
-18.4859 9.1351
-14.1062 11.7475
-16.7330 11.9911
-21.5711 12.8073
-22.3690 3.9108
-20.8844 1.8680
-16.1580 -8.8090
11.9241 1.9209
5.7091 -8.8099
-9.2910 2.0037
4.4941 -11.2799
-0.1645 2.1184
-10.1229 -5.7912
-0.6623 -0.7147
-17.8042 1.9839
-15.5427 10.0166
-1.2384 8.5187
5.5586 -0.3547
-19.8278 10.0375
-20.2502 -6.8640
11.6874 -2.3755
-13.9886 12.7862
-21.5890 12.7551
-19.2935 8.6717
-17.7504 -10.2960
-0.2252 0.2549
-23.2604 -7.0841
10.2556 -6.4447
-17.1460 2.5378
-6.7989 13.7660
-17.1726 10.6154
-1.2271 -9.4504
-19.0058 1.3346
-16.2802 -7.5590
-19.3092 0.8386
-8.6133 -3.8248
-20.7815 8.8671
5.5026 -3.5081
-12.6274 -8.0980
-2.5387 3.2025
-2.4835 7.9057
-17.3428 9.3986
-20.8346 8.4384
-0.5632 1.3428
-6.0379 13.6986
-1.3234 3.2216
-19.7243 -7.3309
-23.3039 -7.7391
-15.1921 7.8327
-18.5580 10.6872
-18.7575 3.5284
-17.8063 2.1341
11.0849 9.4894
-16.1837 9.4404
-18.4349 2.3894
-15.8066 11.4739
-5.5870 5.4260
10.8552 4.0244
-17.3972 1.2347
1.5329 13.4290
-14.8956 6.6931
-10.2116 12.0734
-15.7898 -7.3403
-3.5212 8.5822
-12.7092 -11.4094
2.7086 7.5996
-6.3194 6.3939
-19.9442 2.3768
-20.0054 11.8390
-3.9359 14.3384
4.8921 -2.5491
-18.2490 1.4974
-4.7095 -9.8189
-8.2744 1.6477
-19.8577 1.8736
-14.2051 -9.4856
-17.9803 8.0856
-13.2170 -8.7598
3.0772 -4.1077
-19.1263 1.3968
13.6759 0.1023
-21.3906 13.3026
-18.5005 1.2706
-10.3648 -0.8725
-18.6159 1.6726
-17.3691 9.0166
-14.7814 8.5025
-20.2487 -0.2542
-15.8839 -10.6092
-20.7594 1.0883
-18.9986 2.6801
-21.8864 12.4055
0.3961 13.8476
12.7667 4.4006
-21.0510 12.1541
-1.5362 1.9666
-17.0675 8.0814
12.1326 6.2566
-16.9742 -8.1723
-18.4923 0.0204
-18.5675 2.8762
-22.9552 14.9161
-17.9881 2.8412
-1.5589 0.6459
-20.6184 -8.0902
5.5702 5.4465
-4.5391 5.3836
-20.1288 11.5014
-19.5115 9.2389
-23.6262 4.4391
-5.9615 -1.9855
-2.1606 1.6921
-20.3286 -0.1223
-0.0180 1.5523
-13.4772 16.4326
11.2772 7.4127
-19.1867 6.9560
-21.5694 13.4532
-18.5377 -0.6380
-19.9344 0.0461
-19.9826 4.1060
-21.8309 13.6986
-19.3396 8.5019
-15.1114 8.3217
12.0114 2.4281
-1.6270 -10.2174
-0.3343 13.7347
-2.8944 12.4035
-0.4977 2.1069
-1.3051 1.0095
-0.6665 -0.0634
-21.0687 10.6122
-17.8976 3.5022
-1.5387 1.6389
12.7550 -3.0601
-15.0379 11.6248
-9.2937 0.0120
-20.2722 2.8817
0.0926 -0.5393
-14.5809 10.9651
-17.8509 11.8323
4.3072 -0.0745
0.4099 1.3041
0.8433 1.0219
5.5413 -0.1263
0.0772 -9.6477
-18.0809 0.8250
-22.9303 15.0616
-13.8800 -6.4084
-19.6950 2.2076
4.9598 3.2148
-8.1477 -4.6098
11.1887 3.7401
-14.8034 -9.0358
-17.7354 0.1052
3.1474 12.4081
10.2903 -5.5239
4.4895 -4.2885
-0.8471 -0.9034
-5.2504 8.0168
-13.6664 -9.4779
0.0018 0.2985
-9.0346 -0.9281
-2.1756 14.0181
-21.5130 13.4393
-19.6683 10.2433
-15.2126 13.7831
-7.9539 13.2897
-15.0757 9.5817
-2.0726 1.8398
-17.0360 -7.2572
12.6190 -1.7395
-20.4428 1.6554
-18.5897 -10.5296
-18.3752 2.5309
7.7292 -1.5280
-19.0367 0.7454
-9.6948 1.3984
-13.7257 -7.5795
4.0619 -11.0362
-19.7330 12.7482
-7.3034 -5.0636
6.9295 3.8186
-18.7849 6.9295
-1.3512 0.9430
-4.7654 -9.5348
-19.2610 11.9902
11.6045 -1.1480
13.4262 4.7920
0.0869 -1.0878
0.1095 1.7683
-14.0822 12.9616
0.0819 -12.5789
-1.1209 -1.3603
-18.9733 -0.3362
-20.9385 11.3533
0.8622 -0.4889
-12.4811 13.1936
-17.5515 11.9787
-15.0052 7.1055
10.3640 7.3042
2.0353 1.2115
-0.6501 -0.1171
-20.1348 1.8072
-7.6445 -6.4865
-2.5502 -0.8373
-7.9979 3.6262
-16.8498 10.5664
10.7497 -6.3242
-19.9267 2.0771
-18.6520 -9.1112
-3.0960 -10.3288
-19.6405 12.0599
-18.0291 -0.2463
-19.3696 -0.2518
-8.9933 -3.7851
-13.2262 -11.0352
-18.0288 9.0150
0.9915 13.5125
-23.5949 -10.6404
4.7442 5.2195
-5.9824 1.8938
-24.4198 -6.2974
1.4273 -10.6420
-0.9732 0.1348
11.2142 7.7779
12.2789 6.2095
0.7876 2.1171
-18.7147 9.5093
8.5686 -8.4593
-14.8031 13.6102
0.0207 1.3762
-19.4900 -9.5417
-22.4136 13.5356
-10.6249 -3.1142
13.0242 3.8442
-18.7411 0.1478
-18.2297 9.9310
11.6344 5.3538
-19.2849 -10.0814
-16.2988 11.2735
4.3068 -1.4121
-9.2446 11.3102
-0.7053 0.1097
-4.0996 -9.9612
5.6341 -7.7076
-19.2756 2.1103
-9.1928 11.5885
-22.0675 12.7237
-0.5164 2.7192
2.5188 14.4074
-18.4747 10.2976
2.6319 -4.5318
-2.2677 14.1607
-15.4730 -8.7524
12.1384 2.4639
-17.8111 9.7788
-18.8240 9.7195
-21.2548 12.5625
-1.0534 1.8805
-1.1907 1.7966
-21.4432 12.3730
-8.3367 -3.0056
10.4652 10.3242
-0.2456 1.5242
-2.9789 -0.2595
-20.2046 9.2311
-17.6857 2.4537
-2.2168 6.6028
6.7902 -0.7328
0.0510 12.3357
-18.3964 -0.5513
-8.4370 2.1848
-17.5792 11.0047
-22.3109 -10.1849
-22.9604 12.8666
-21.2918 8.6943
-0.4023 -11.3342
-3.3276 11.8589
-20.0800 11.3608
-18.1402 11.4232
9.6996 -6.8215
-2.5964 6.7458
-0.0268 0.8646
-17.2520 -7.1880
-1.2520 0.6666
-18.3794 8.7438
-20.1211 1.3363
-17.2688 9.4773
-1.7748 -0.6975
-19.3089 0.1219
-20.7297 -7.6107
12.4633 -0.7791
-23.3522 -7.4295
-18.1939 -0.2205
3.1429 -3.8914
-18.4347 -10.2605
13.2689 -0.5310
-5.7039 13.2672
-16.4085 10.5403
6.5698 -9.2553
-1.7159 1.4477
-17.3471 1.5342
-21.6875 13.2886
