2 0 1 3.90
2 1 1 3.81
2 1 0 3.63
2 1 0 3.61
2 1 0 3.57
2 0 0 3.56
2 1 0 3.53
2 0 0 3.52
2 1 1 3.45
2 1 0 3.42
2 1 0 3.40
2 0 0 3.38
2 0 1 3.36
2 1 1 3.28
2 0 0 3.26
2 1 0 3.25
2 0 0 3.24
2 0 1 3.21
2 1 0 3.21
2 1 0 3.15
2 0 1 3.11
2 0 0 3.08
2 0 0 3.07
2 1 0 3.04
2 0 0 3.00
2 0 0 2.99
2 0 0 2.98
2 0 1 2.97
2 0 1 2.96
2 0 0 2.96
2 0 0 2.95
2 0 0 2.94
2 0 1 2.79
2 0 0 2.75
1 0 0 3.70
1 0 0 3.62
1 0 0 3.57
1 0 0 3.56
1 0 0 3.54
1 1 0 3.50
1 0 0 3.43
1 0 0 3.38
1 0 0 3.23
1 0 0 3.15
1 1 0 3.14
1 0 0 3.13
1 1 0 3.12
1 0 0 3.11
1 0 0 3.08
1 0 1 3.04
1 0 0 3.00
1 0 0 2.98
1 0 0 2.97
1 0 0 2.96
1 0 0 2.89
1 1 0 2.88
1 0 0 2.85
1 1 0 2.80
1 0 0 2.78
1 0 0 2.75
1 0 0 2.73
1 0 0 2.72
1 0 0 2.72
1 0 0 2.70
1 1 0 2.68
1 1 0 2.65
1 0 0 2.65
1 0 0 2.64
1 1 0 2.58
1 0 1 2.56
1 0 0 2.55
1 1 0 2.53
1 0 0 2.51
1 0 0 2.45
0 0 0 3.70
0 0 0 3.67
0 1 0 3.65
0 0 0 3.62
0 0 1 3.60
0 1 0 3.57
0 0 1 3.51
0 0 1 3.49
0 0 1 3.39
0 1 1 3.38
0 0 0 3.36
0 0 1 3.32
0 0 0 3.30
0 0 0 3.27
0 0 0 3.27
0 0 0 3.26
0 1 0 3.25
0 0 0 3.24
0 1 0 3.22
0 0 0 3.22
0 0 0 3.16
0 0 0 3.16
0 0 0 3.14
0 0 0 3.13
0 0 0 3.12
0 0 0 3.12
0 0 0 3.11
0 0 0 3.10
0 0 0 3.09
0 0 1 3.03
0 0 0 3.02
0 0 0 2.99
0 0 0 2.99
0 0 0 2.99
0 0 0 2.98
0 0 0 2.98
0 0 0 2.97
0 1 0 2.93
0 0 0 2.92
0 0 0 2.91
0 0 0 2.91
0 0 0 2.90
0 0 1 2.90
0 0 0 2.89
0 0 0 2.87
0 0 0 2.86
0 0 0 2.84
0 0 0 2.83
0 1 1 2.77
0 0 0 2.76
0 0 0 2.70
0 0 0 2.70
0 0 0 2.67
0 0 0 2.61
0 0 1 2.59
0 0 0 2.55
0 0 0 2.51
0 0 0 2.49
0 0 0 2.47
0 0 0 2.44
0 0 0 2.42
0 0 0 2.40
0 0 0 2.34
0 0 0 2.26
0 1 0 2.25
0 0 0 2.15
