1 0 1 3.90
1 1 1 3.81
1 1 0 3.63
1 1 0 3.61
1 1 0 3.57
1 0 0 3.56
1 1 0 3.53
1 0 0 3.52
1 1 1 3.45
1 1 0 3.42
1 1 0 3.40
1 0 0 3.38
1 0 1 3.36
1 1 1 3.28
1 0 0 3.26
1 1 0 3.25
1 0 0 3.24
1 0 1 3.21
1 1 0 3.21
1 1 0 3.15
1 0 1 3.11
1 0 0 3.08
1 0 0 3.07
1 1 0 3.04
1 0 0 3.00
1 0 0 2.99
1 0 0 2.98
1 0 1 2.97
1 0 1 2.96
1 0 0 2.96
1 0 0 2.95
1 0 0 2.94
1 0 1 2.79
1 0 0 2.75
0 0 0 3.67
0 1 1 3.65
0 1 0 3.65
0 0 0 3.62
0 0 0 3.51
0 0 0 3.39
0 0 0 3.37
0 0 0 3.37
0 0 0 3.34
0 0 1 3.32
0 0 1 3.31
0 1 0 3.30
0 0 0 3.30
0 1 0 3.28
0 0 0 3.27
0 0 1 3.23
0 0 0 3.21
0 0 0 3.16
0 0 0 3.15
0 0 0 3.14
0 0 0 3.10
0 0 0 3.09
0 0 0 3.06
0 0 0 3.06
0 0 1 3.05
0 0 0 3.05
0 0 0 3.04
0 0 0 3.04
0 0 1 3.03
0 0 1 3.00
0 0 0 2.98
0 0 0 2.98
0 0 0 2.97
0 0 0 2.92
0 0 0 2.89
0 0 0 2.88
0 0 0 2.87
0 0 0 2.87
0 0 0 2.85
0 1 1 2.85
0 0 0 2.84
0 0 0 2.83
0 0 0 2.76
0 0 0 2.74
0 0 1 2.74
0 0 0 2.74
0 0 0 2.72
0 0 0 2.72
0 0 0 2.70
0 0 0 2.67
0 0 1 2.67
0 0 0 2.64
0 0 0 2.63
0 0 0 2.57
0 0 0 2.57
0 0 0 2.55
0 0 0 2.55
0 0 0 2.53
0 0 0 2.53
0 0 0 2.50
0 0 0 2.47
0 1 0 2.47
0 0 0 2.44
0 0 0 2.34
0 1 0 2.25
0 0 0 1.90
